-29.372214941787433,10.68456152327267
-29.372214941787433,10.684416226916293
-29.372214941787433,10.683406691383524
-29.372214941787433,10.6818193972261
-29.372214941787433,10.679863379296354
-29.372214941787433,10.67769010219221
-29.372214941787433,10.675418133223355
-29.372214941787433,10.673084481839057
-29.372214941787433,10.67074329149287
-29.372214941787433,10.6683897646636
-29.372214941787433,10.666054742558956
-29.372214941787433,10.663723147255174
-29.372214941787433,10.66141759563791
-29.372214941787433,10.659119582982536
-29.372214941787433,10.656848984734026
-29.372214941787433,10.654583869366888
-29.372214941787433,10.652387975377081
-29.372214941787433,10.65018522778556
-29.37222042447729,10.647807027990108
-29.37220945881336,10.645193749655798
-29.37220945881336,10.642125392167543
-29.372217683061308,10.638448434846909
-29.37222042447729,10.63409228559622
-29.37222042447729,10.629112458589375
-29.372214941787433,10.623500729504315
-29.37221220037145,10.617136474950838
-29.372225907451366,10.610090972386788
-29.372214941787433,10.60236764861303
-29.372217683061308,10.593889743290339
-29.372206717397376,10.584709343791756
-29.372206717397376,10.574913490859078
-29.37219301017535,10.564692714620007
-29.372184785785294,10.554256049926881
-29.372171078705378,10.543754276017456
-29.372165595731303,10.533233997383395
-29.37215188850928,10.522760323241004
-29.37214366411922,10.512370263039548
-29.372127215623323,10.50203366093148
-29.372118991233265,10.491575064712864
-29.37209705976329,10.480857402349383
-29.372088835373233,10.46967232434887
-29.372069645319243,10.457938272850908
-29.372053196681236,10.445549017028895
-29.37202852379528,10.432495647200602
-29.372012075015164,10.418726075992987
-29.371987402129207,10.404252639889139
-29.37196272924325,10.389047924482192
-29.37193257338322,10.373123580895067
-29.371907900355154,10.356467958004844
-29.371877744495123,10.339089965493756
-29.37184484721911,10.32098891800163
-29.37180646696902,10.302169613049664
-29.371773569693005,10.282633421358208
-29.371737931001007,10.262384455088286
-29.3717022921669,10.241424770320416
-29.371666653474904,10.219757108495282
-29.37162553209305,10.197384211053572
-29.371581668868885,10.174319785198719
-29.37153780578683,10.15082563851627
-29.371493942704774,10.126920275730866
-29.37145007962272,10.102530363304135
-29.37140621668277,10.077482505112673
-29.371362353742825,10.051836327491403
-29.37131849051866,10.02547394849081
-29.371269144746748,9.998465274848396
-29.371217057274634,9.970702705017224
-29.371162228528647,9.94227602117977
-29.371110141056533,9.913093385073045
-29.37105805372653,9.883238410637977
-29.371005966396524,9.852622686412436
-29.37095387906652,9.821334623858554
-29.370890825930474,9.789286496874366
-29.370830514068302,9.756561919400811
-29.370767460932257,9.723095782221584
-29.370707149354303,9.689100546989883
-29.370644096218257,9.654756463430836
-29.370583784356086,9.620358921778404
-29.37052073136215,9.58597303124889
-29.370460419642086,9.551809197414975
-29.37039736650604,9.518101813455345
-29.370337054785978,9.485307329244286
-29.370279484624007,9.453675901244432
-29.370227397294002,9.423494010007513
-29.37017530982189,9.394658166147615
-29.37012870532385,9.368922206343864
-29.37009032507376,9.347758969605028
-29.370057427797747,9.328644274419105
-29.37002178896364,9.309726962962603
-29.36998615055586,9.291359995723894
-29.369950511579646,9.27388536742861
-29.36992583869369,9.257464137717076
-29.36989842424964,9.241554186693554
-29.3698710099477,9.22578473450521
-29.369846337061745,9.21010712057986
-29.36982166389157,9.194533681400593
-29.36979424958963,9.17905139512415
-29.369769576561566,9.163680137195506
-29.369742162117518,9.148403458970543
-29.36971474767347,9.133247404135782
-29.369690074787513,9.118125617309598
-29.369662660485574,9.102918845822138
-29.369637987599617,9.087453693549985
-29.36961057301346,9.07172262153125
-29.369583158569412,9.055830489872191
-29.369558485683456,9.039906831645236
-29.3695310710973,9.024006475664116
-29.369506398211342,9.008180823941702
-29.369010197370926,8.992466200567087
-29.36777654923617,8.976918119714169
-29.365797229132795,8.961564681149987
-29.363848064747344,8.94637230222613
-29.362918716344666,8.93124777395926
-29.362340272456322,8.916230847239333
-29.36187422733383,8.901311241663775
-29.36145478699359,8.886506776597043
-29.360599457533,8.87183801284429
-29.359050543433796,8.857357037778554
-29.356813527812164,8.84308235612447
-29.353800684646103,8.829072223496622
-29.35005587659134,8.815347200700161
-29.34552701660209,8.801975138392073
-29.340263450450266,8.788980024178366
-29.334235022417943,8.7764351915974
-29.327482854029086,8.764370796496726
-29.319987755087595,8.752868396736764
-29.311801813349803,8.741959518885407
-29.3029222869734,8.731728462243762
-29.293398522014513,8.722211550900925
-29.283767840979635,8.712979064029302
-29.275474982881633,8.702944705756908
-29.269356087269216,8.691994020935082
-29.26482174430589,8.680554674310908
-29.260769895103067,8.669041308788199
-29.256490506099908,8.65770750763045
-29.25173410645243,8.646688286791465
-29.246506179134713,8.636017228919654
-29.24135227075908,8.625404426662428
-29.236922102597873,8.614429068874427
-29.232703025314777,8.603263866318892
-29.22853877677767,8.592017105902936
-29.224401942826717,8.580788164851443
-29.22027881595568,8.569591435728013
-29.215815750802676,8.558624987622242
-29.210519287374836,8.548149942759506
-29.204605999666455,8.538113528406598
-29.19846243131019,8.528284778185682
-29.191943285269417,8.518822695656572
-29.184694916182252,8.510019244252371
-29.176917448836548,8.501784641790596
-29.16869586826465,8.494089417783874
-29.160054847210404,8.486978120643352
-29.1510327659239,8.480458974691093
-29.142065513525495,8.47405771068835
-29.13426885626791,8.466679123080903
-29.128141736265434,8.458279348817774
-29.122746580867442,8.44951359222301
-29.117271923837507,8.440910265988917
-29.111462811073352,8.432616722552384
-29.105376812879058,8.424704239371263
-29.09869043904223,8.417366088013942
-29.09146674284102,8.410430928437522
-29.083642671139387,8.403742498522877
-29.07508663469116,8.397256935219026
-29.065708166058357,8.390954363080994
-29.055315364416856,8.385194596198868
-29.044023370232708,8.380017385462601
-29.03207068882807,8.375519366656391
-29.019627289557093,8.37191642823429
-29.006967316718146,8.36890084347925
-28.994194944402807,8.366393110611366
-28.98140612359157,8.36434319833811
-28.968614561364348,8.362754533460341
-28.95587782816733,8.361598330850853
-28.943291873844146,8.360180320655813
-28.9313775726896,8.357173645583002
-28.920639349507837,8.352170516330322
-28.910630349514577,8.346239409405296
-28.900456863141244,8.340807244685195
-28.890096958917866,8.335972714034728
-28.879561602366266,8.3317454124963
-28.86887546665662,8.328178798163295
-28.858139984748732,8.32493841527197
-28.847355157068932,8.32224015227638
-28.836488086341205,8.320200520405699
-28.825607308249346,8.318801700295463
-28.814707340103496,8.31811085724249
-28.803862200703634,8.317775030758407
-28.79308285599791,8.31802929938207
-28.78241591034225,8.318956591694246
-28.7718887780386,8.320571300258534
-28.761559029533146,8.3228960419606
-28.75127588552573,8.325000097687413
-28.741110623542454,8.325573744151042
-28.731389474785374,8.324192743405268
-28.722101473874773,8.321604823397307
-28.712958769148145,8.318724254596072
-28.703912014975685,8.315790227701452
-28.694840587633053,8.313207790574863
-28.68573352174053,8.311109217729426
-28.676642904486016,8.30917992884637
-28.667563252895434,8.307666653587479
-28.658469894224936,8.306647523012309
-28.64955747043041,8.305172627923026
-28.640902742296248,8.30295959992893
-28.632371378876087,8.300588253735194
-28.62390306859197,8.298181268812534
-28.615508777107834,8.295781822851763
-28.607169314653902,8.293396769454596
-28.598821627667803,8.291357137583914
-28.590438302131815,8.289747911900996
-28.58206320070167,8.28857937280842
-28.573688099697847,8.287870025030813
-28.56535137851779,8.287598622402859
-28.557058520419787,8.287789837890736
-28.548853388343787,8.288414886367235
-28.540727758183948,8.289499811518878
-28.53267066413423,8.290171464487045
-28.524819177988547,8.289477194633216
-28.51716507564106,8.288096879247613
-28.509590474925517,8.286567155344601
-28.502084410320094,8.285004534153353
-28.49468252051679,8.283461788407081
-28.487338201017565,8.281934805944758
-28.479889706574113,8.280395486999344
-28.472156102452573,8.2790789101097
-28.46392355621674,8.27809336218294
-28.45511256566624,8.27746831370644
-28.445687492677507,8.276697283513391
-28.435725097324394,8.275131920881456
-28.425091048802642,8.273232787845952
-28.413768898758462,8.271139697881885
-28.401720267083874,8.268888289718179
-28.388906773102462,8.266907598822256
-28.375284554442715,8.265462174220351
-28.360900215176343,8.264623978730484
-28.345819549997486,8.263695315697968
-28.330174147868092,8.261669391030717
-28.313854351580403,8.25919935297227
-28.29683822923812,8.256506572858054
-28.279101108097393,8.253660957425572
-28.26060734918201,8.251238209218965
-28.241321314226298,8.249618017773303
-28.22129508984972,8.24835695505756
-28.20055060809068,8.247844991009375
-28.179118024809213,8.248443310439182
-28.15707684192148,8.250227302965856
-28.13451752643914,8.25346357369615
-28.111283816656396,8.256549065188693
-28.087754031247414,8.257792308539976
-28.06382947852626,8.257877293201254
-28.03950467523464,8.257518849831508
-28.014946849452826,8.256871869829517
-27.990315005013144,8.256207070463066
-27.965707833601527,8.255436725630187
-27.941191129485787,8.254733546094126
-27.91680327320023,8.253960459820561
-27.89256345451463,8.253266875326903
-27.868455225217303,8.25250818161694
-27.844390859002033,8.251827618966542
-27.820211352178603,8.25107303741761
-27.795719321090928,8.250380823644294
-27.770777693660875,8.249610478811416
-27.745276812538577,8.248890165271064
-27.719167331383687,8.24856736063024
-27.69242731901045,8.248629728405856
-27.665010170636606,8.24831926024812
-27.636904920882444,8.247901875903617
-27.608092379267646,8.247342622003591
-27.578567063102355,8.246798446027341
-27.548326230970588,8.246167229309298
-27.51737262414622,8.24557713420155
-27.485703501497483,8.244912334835098
-27.45331612103996,8.244290713159456
-27.420215966316164,8.24359849938614
-27.38640029562589,8.24294672186295
-27.351888298738913,8.242789774383652
-27.31672109774763,8.24388977745907
-27.28087127778167,8.245059687271992
-27.244316907797383,8.245768349689426
-27.207052504536477,8.246170656110156
-27.169080809699153,8.246511965475612
-27.130404564559285,8.246764863378932
-27.091018286284907,8.24705545609169
-27.050927457565876,8.24729875895261
-27.010132078970628,8.247592093106054
-26.968626666814544,8.247849103170404
-26.9264221874721,8.248153403086594
-26.88351589952731,8.24842137891369
-26.839907802553853,8.24873458851211
-26.795597896835943,8.249014215462124
-26.750594406479422,8.24933770546312
-26.704886366104574,8.24962966889622
-26.658484740949007,8.249960012498931
-26.61138679002306,8.250262256334608
-26.563595254458505,8.25060219497972
-26.515112876239755,8.250915404578143
-26.465936913098176,8.2512615114648
-26.416072848576277,8.25158705754631
-26.365520682247734,8.251942759475371
-26.314285897512946,8.252277215239111
-26.262360269271312,8.252641826850402
-26.209752022623434,8.25298724837689
-26.15645841586911,8.253358028229725
-26.102479448866234,8.253716471599471
-26.047826087278736,8.254096161134537
-25.992490107142885,8.254464884906858
-25.93647699100643,8.25485142804364
-25.879786739153587,8.255231117578708
-25.822424834274216,8.255625199677377
-25.764394018068515,8.256017225695533
-25.70569428996805,8.256418846756091
-25.646322909125274,8.25682115317682
-25.5862908409199,8.257232369279778
-25.52559260280418,8.25764358538274
-25.46423093590988,8.25806302580776
-25.402208581937202,8.258485893033635
-25.339528282302126,8.258912872420542
-25.276190036720436,8.25934464932865
-25.212193845192132,8.25978190911813
-25.147561639755622,8.260223966428814
-25.082452423532686,8.260667394459839
-25.017173237955603,8.261114934651893
-24.951987261516706,8.261560418763432
-24.887061721727832,8.262003846794459
-24.82248160347922,8.26244590410514
-24.758312701465,8.262884534614964
-24.694571464038972,8.263319738323931
-24.631282564371304,8.26375220059221
-24.568446002319888,8.264181921419803
-24.506067261000908,8.264607530086368
-24.444146340556472,8.265030397312245
-24.382677757301963,8.265450523097435
-24.321656029400174,8.265867222081768
-24.26108389727233,8.26627980890507
-24.200955878797004,8.266691025008031
-24.141266490858015,8.267097443589789
-24.082015733313256,8.267502491451204
-24.02320086488885,8.267900685710904
-23.964813661336848,8.268304362851977
-23.906854122373034,8.268690905988759
-23.84931676516544,8.269093212409487
-23.792201589998285,8.26947084586404
-23.735503113755385,8.269869040123739
-23.679218595020757,8.270239134616403
-23.623342550962434,8.27063184599473
-23.56788046455449,8.270995772245849
-23.512818628432797,8.271384371463148
-23.4581652668453,8.271742814832894
-23.403912155686157,8.272125245808647
-23.35005655353939,8.27247752093685
-23.296598460262885,8.272857210471916
-23.243529651608696,8.27320194663823
-23.19085286870859,8.273576838652096
-23.138595526432937,8.273232787845952
-23.08676584888758,8.272306866254121
-23.035319972848356,8.271622876802864
-22.984255157325606,8.271114339555536
-22.93356591906104,8.270620880231984
-22.88324951678078,8.270171969319588
-22.83330595020061,8.26968125143672
-22.783729737057,8.269219318681062
-22.734520876781517,8.26871283751425
-22.685672515905253,8.26824130971619
-22.637187395844194,8.267728660307833
-22.58906003405059,8.267255076429256
-22.5412931715141,8.266744483101416
-22.493877213349833,8.266277067464385
-22.446812159699903,8.265771271657743
-22.400099381343352,8.265310709622428
-22.353733394879782,8.264811082057332
-22.307711459603752,8.264358058983904
-22.26203357466261,8.263865970380696
-22.216692887155887,8.263419800908984
-22.17169487991555,8.262932509826976
-22.12702036260339,8.262495250037494
-22.082609023357236,8.262016183277547
-22.03831008330326,8.261582350288924
-21.993935753812366,8.26110465424932
-21.949266719332172,8.260665338379324
-21.904161795731625,8.260181474098173
-21.85852229118268,8.259731877825605
-21.812283781770248,8.259235677061366
-21.76540925816539,8.25877031750485
-21.717878159819293,8.258264521698209
-21.669672666746465,8.257783398857745
-21.620787296541266,8.257265951928188
-21.57121793672445,8.256769751163949
-21.520967328854113,8.256239967751302
-21.470031361161546,8.255728003703117
-21.418410033078317,8.255185883807382
-21.366119793242433,8.254659527195594
-21.313319645770434,8.254103700096426
-21.260301553667205,8.253573916683779
-21.207310876008023,8.253015348143926
-21.154499762587875,8.252488306171964
-21.102016251433042,8.25193384979314
-21.050213988331734,8.251417088223754
-20.99948636967497,8.25087976584922
-20.950204861236443,8.250389733326525
-20.902405101566046,8.249881196079198
-20.855578553238274,8.249418577963368
-20.809245464334936,8.248920321118614
-20.76329617693773,8.24846866876553
-20.71769779391275,8.247977265522493
-20.672446203349182,8.247533152131297
-20.6275345513518,8.247047917129803
-20.582951872114563,8.246613398781008
-20.538703648895762,8.246132961300717
-20.494784398294996,8.24570529655364
-20.451188637764517,8.245232398035235
-20.407924591694382,8.244810901529702
-20.36498266477338,8.24434348589267
-20.32236148650668,8.243929528349023
-20.280118626914145,8.243468280953536
-20.238533713126117,8.243065289172636
-20.197963132631003,8.242621861141611
-20.15875230640063,8.24224422768706
-20.12103967757639,8.241828214062897
-20.084737520136287,8.241482792536411
-20.049382530231696,8.241086654357227
-20.014492214528445,8.240757681474859
-19.979933613427647,8.240371138338077
-19.9456751998639,8.24004764833708
-19.91170052548341,8.2396659027215
-19.877997253701096,8.239349266322222
-19.84455990168499,8.238970947507498
-19.81138709865604,8.238660479349763
-19.7784802153933,8.238289014136756
-19.745832398285756,8.237983343500222
-19.713439535138377,8.237616675808416
-19.68130710878313,8.237316488053255
-19.649426895114175,8.236955303242823
-19.61780300618443,8.236661283729205
-19.58643132965676,8.236304211079801
-19.555310495036338,8.23601567444756
-19.524441872960097,8.235664084679527
-19.493819980596072,8.235380345568485
-19.46344755921814,8.235034924041999
-19.43331912599433,8.234756667812329
-19.403431939650773,8.234414673086702
-19.373790112240385,8.234141899738404
-19.344388160789094,8.233805387894149
-19.315227456360162,8.233537412067054
-19.286302515837406,8.233204327023655
-19.257616080210482,8.232941834077932
-19.229164038279123,8.232613546555736
-19.200946389332785,8.232356536491388
-19.172960392097593,8.232033046490391
-19.14520604643144,8.23178014858707
-19.117681981981605,8.231462141467448
-19.09038408641095,8.2312147264455
-19.06331098879832,8.230900146126736
-19.03646680190718,8.23065821398616
-19.00984467113176,8.230348431188599
-18.983447338882797,8.230110611209053
-18.957269321759895,8.229805625932691
-18.931311990684208,8.229572603474347
-18.905572604097642,8.229271044998843
-18.880044308389188,8.229044190782044
-18.85473532823312,8.22874674446757
-18.829637438670943,8.228524002411799
-18.804750639986878,8.228229982898183
-18.78007493246514,8.228011353003442
-18.755608945042468,8.2277228163712
-18.731349936444985,8.227509669357831
-18.70729653575154,8.227224559526446
-18.683444631193424,8.227016210034279
-18.65979559326547,8.226735212363923
-18.636348050904417,8.226529604312443
-18.61310063389965,8.226253404163288
-18.590047859134984,8.226052593633009
-18.567192468168514,8.225780505644884
-18.544528978026165,8.225584492635807
-18.52202860362695,8.225752405877849
-18.499648852525752,8.226958639779864
-18.477485675418848,8.22928269612176
-18.455776206565133,8.233333174735916
-18.434594465190912,8.238956554943893
-18.414006245706105,8.245944487253528
-18.394352857313834,8.254708187767775
-18.375706948603465,8.265072204282712
-18.357354373819135,8.275588370755742
-18.3384960033095,8.284036805591054
-18.319308660039724,8.290478505843923
-18.300422875086042,8.297203945207833
-18.282037403167806,8.304749075336977
-18.26422352166901,8.313179690807829
-18.246665964909425,8.321708312783217
-18.22868759674634,8.32845568367262
-18.21057626884226,8.334251774643842
-18.192673290542416,8.340225373899507
-18.175118474914598,8.346906950212436
-18.15786247647111,8.354420553773686
-18.14103277212098,8.362913537020152
-18.124734907303264,8.372308454252444
-18.109408883191236,8.383001443649748
-18.095051958368913,8.394799233643669
-18.081653166888145,8.407486621140329
-18.06965662254356,8.421295257877723
-18.059025315579902,8.436007884681462
-18.049704417251178,8.45142780318229
-18.04181592177656,8.4674659165579
-18.034995217277583,8.483869326904975
-18.0290750761003,8.500468750261126
-18.023186461419982,8.51689340677352
-18.015777718147774,8.532181050761228
-18.006317006324934,8.545545574107427
-17.99541155520501,8.557276884164704
-17.9840852929658,8.568414672313375
-17.973019467660833,8.579626479360579
-17.962913146618575,8.591485266409773
-17.95368545714382,8.60387589295213
-17.9452719757478,8.616691442800878
-17.938096254823677,8.63007858303274
-17.93201162712421,8.643886534409965
-17.926893357440576,8.657972056656687
-17.922825059457637,8.672298140323642
-17.919751904429404,8.68675855458423
-17.91813719592028,8.701329997192618
-17.91781918882407,8.715895956919631
-17.917547786225896,8.730348832218333
-17.91562740706354,8.744285631307816
-17.911438485640474,8.757177256135613
-17.905684201622307,8.769143644731749
-17.899498140820924,8.780779004365002
-17.893577999359422,8.792428756561858
-17.8882623460197,8.8042477927211
-17.88356899965038,8.816207327715519
-17.879970858700744,8.828414277731886
-17.877599512416964,8.84080010675304
-17.876187670538002,8.853266808274444
-17.875584553621593,8.865713634350872
-17.875824429722798,8.878107687694085
-17.876849728395428,8.890377005486068
-17.878017582262373,8.902533238849736
-17.87759677100098,8.914418069585452
-17.875171966892367,8.925684020086214
-17.87189320381799,8.936555203128131
-17.868396496112382,8.947316728542594
-17.865121845233034,8.958231089275325
-17.862328317193032,8.96952513954312
-17.860025507019373,8.981205732947698
-17.858734288438427,8.993224208916875
-17.85826824360015,9.005379071560201
-17.858547870304164,9.017551068207817
-17.859914478606242,9.029598329304202
-17.862177537892876,9.041477677158543
-17.865201347007087,9.053117834312998
-17.86834303814544,9.064635997356907
-17.869896064155455,9.076158272561845
-17.869405346289113,9.087413942660032
-17.868008582269113,9.09846537542708
-17.866392502838835,9.109407835926847
-17.864707887724762,9.120262570324648
-17.86304246252257,9.131040544383229
-17.861763580384604,9.141773970030656
-17.86104669378119,9.152473813029674
-17.860009058381365,9.16304823511729
-17.85865341574322,9.173501348454533
-17.857214159562318,9.183867421049984
-17.855780386071274,9.194157418666384
-17.854338388190172,9.204369970583397
-17.852921063479243,9.214512615762905
-17.851500997210223,9.224579185963364
-17.85010834538525,9.234575849426323
-17.84907345140141,9.244527964478126
-17.848552577675036,9.254441014000149
-17.848516939125147,9.26428552750501
-17.849029588461462,9.274050539229966
-17.84971768998389,9.28374153205639
-17.850836197794706,9.293318069734157
-17.852449535809,9.302758906097946
-17.853605052806643,9.31215039652938
-17.85343645423154,9.321419207490099
-17.852851156732186,9.330590011946278
-17.85213975296074,9.33968885358444
-17.85141738324114,9.34872327136647
-17.850682677078566,9.357689838491513
-17.850305729041338,9.36659883536214
-17.850360557929434,9.375446149817325
-17.850570278170608,9.384233152577409
-17.851139126889848,9.392929002434668
-17.851535265265284,9.401537811550137
-17.851236448080954,9.410053411682265
-17.850799188323663,9.41849841971672
-17.850305729041338,9.42688174533573
-17.84981775259098,9.43520407389947
-17.84931743983975,9.443465405407935
-17.848836316716188,9.451668481301816
-17.84834834026583,9.45981330158111
-17.84788777825952,9.467834757029516
-17.847671204549442,9.475813720147283
-17.847505347532433,9.48387012896444
-17.847106467741014,9.492178750324747
-17.8466555007617,9.500928743635564
-17.846138739230355,9.510240046926922
-17.84560004608693,9.520188049817696
-17.84500515341847,9.530818671439382
-17.844388329280036,9.542157270118333
-17.844104590238885,9.55421823841815
-17.844419855919114,9.566995408097286
-17.844983222090605,9.580500430278665
-17.846134627035326,9.5946894419113
-17.84723120323406,9.609574094118107
-17.847332636478086,9.625170835543207
-17.847068087633033,9.64148789050866
-17.846680173789764,9.65853211261618
-17.84623331886337,9.676302816505595
-17.845765903246047,9.694795204655707
-17.845275185237597,9.714006535625826
-17.844769389654402,9.733932697254923
-17.844249886564967,9.754570948102314
-17.84371530561657,9.775917861367137
-17.84316564680921,9.797971380968882
-17.842599539221737,9.82072876546686
-17.842025207528422,9.844059111068294
-17.841890876724165,9.867731451395356
-17.842658480304863,9.891813637105038
-17.84341923013244,9.916500310486068
-17.843683778977493,9.94176063033073
-17.843708452005558,9.967741949075911
-17.84361524300948,9.994372989263773
-17.843490507658544,10.021789452208285
-17.843332874605267,10.049883736362514
-17.84315879305609,10.078751792150474
-17.84298197023304,10.108287388745575
-17.84280925946291,10.138578937609953
-17.84262969508177,10.169530488319579
-17.842439165036694,10.201226340175563
-17.842250005628557,10.233581508516625
-17.842059475583483,10.266680292643874
-17.841866203838208,10.300445932218091
-17.84166196657111,10.334959299739522
-17.841460470719994,10.370141578788436
-17.841249379841884,10.406072956504909
-17.841039659458602,10.442677357909892
-17.840823085748525,10.48002537510106
-17.840603770338248,10.518049157421427
-17.84038034301716,10.55681244336695
-17.840151432864104,10.596249438361156
-17.839921151789895,10.636425251620345
-17.83968538788372,10.677276144648562
-17.839448253198498,10.718859002340048
-17.839202894265327,10.761114883720046
-17.83895616455311,10.80410272976331
-17.838703952151036,10.84776154341457
-17.838450368827807,10.892148209568074
-17.83818856125663,10.93720584332957
-17.837925382906406,10.982987217432276
-17.83765809250326,11.029442985943838
-17.837388060542025,11.076617011915237
-17.83711391652787,11.124462690854802
-17.836834289539638,11.173025941894034
-17.83655329191447,11.222262901981948
-17.836264069899244,11.272212636648325
-17.83597347710497,11.322834709643042
-17.83567877225778,11.374160647533992
-17.835381326136712,11.426156182312596
-17.835082508952382,11.47884941374589
-17.834775467520103,11.532208815265978
-17.834468426087824,11.58626454272041
-17.834153160549704,11.640983698820953
-17.833836524232538,11.696395068694812
-17.833515775578235,11.752468496494435
-17.83319091487101,11.809230025906345
-17.832863312747804,11.866652242523678
-17.832530227650523,11.92475570715158
-17.832198513332287,11.983518488264563
-17.8318558330659,12.042957034506742
-17.83151452386278,12.103053526513657
-17.831166360764428,12.163817559327711
-17.8308154563922,12.225242279347189
-17.830464552019976,12.2873249451314
-17.8301054233998,12.350068298121034
-17.82974492385847,12.413468226155063
-17.829383053822312,12.477524729233483
-17.829014329890924,12.542236436635951
-17.828644235606816,12.607601977642128
-17.828265916790542,12.673622722972352
-17.827888968469097,12.7402945604656
-17.827506537599902,12.807618860842208
-17.827121365314724,12.875594253381838
-17.826734821966284,12.944219367364143
-17.82634005465411,13.013492832068781
-17.826711519859373,13.08337352588546
-17.828845731315823,13.153786059195298
-17.832605617229547,13.224715354074522
-17.836867186815653,13.296229946540294
-17.84086283663555,13.368391519008055
-17.84487767650944,13.441195959316776
-17.849081675791467,13.514632301703715
-17.853514585368657,13.58869780472818
-17.858168180850953,13.663393839110519
-17.86302053091049,13.73872040485073
-17.86802914296004,13.814676131228468
-17.873165232202837,13.89126650112511
-17.878405496105643,13.968488773099965
-17.883730744614468,14.046342947153036
-17.88912589987035,14.124830394004666
-17.893806909796695,14.203957967256569
-17.896734768498845,14.283714701146002
-17.897380377718264,14.363995050206537
-17.896278318687564,14.444753780666847
-17.89541202342093,14.52611699879851
-17.89448404565519,14.608098411804956
-17.893220241518293,14.690699390406529
-17.89152466045607,14.773921305323572
-17.88939456119465,14.857753190793336
-17.88688477205369,14.942200529697201
-17.884056976100737,15.02727154635722
-17.88098107965652,15.112959387171678
-17.877705057998128,15.199258569259204
-17.874283740013652,15.286186911984258
-17.870743169368097,15.37372659598238
-17.867113501921494,15.461889957736657
-17.86341529850688,15.550670143645377
-17.859656783230093,15.64006989514922
-17.855851663597377,15.730086470807503
-17.852004051519543,15.820721241340571
-17.848122171670866,15.911974206748422
-17.844208764898895,16.003841254870025
-17.84026520255111,16.09632101498504
-17.836291484201183,16.189416228534153
-17.832288980770272,16.283125524797015
-17.828264546011496,16.377448903773633
-17.82420995525058,16.47237951186229
-17.8201306914616,16.567921461224014
-17.816026754786662,16.66407338113846
-17.811895403809785,16.760832530164947
-17.80773800888369,16.858200279023812
-17.803555941071636,16.956172515554027
-17.800140106061235,17.054739644713194
-17.79754122011923,17.15389481289959
-17.79486557410337,17.25365035659631
-17.792220083805432,17.35400490508301
-17.789688363478717,17.454968053402087
-17.787314275778954,17.556534318672174
-17.785100562264233,17.6587078130543
-17.7830417402447,17.76148305366709
-17.781111766197455,17.864839479705395
-17.779292820279124,17.968608492567004
-17.7775711955519,18.072439187844058
-17.77592907245662,18.176010816976248
-17.77435137341854,18.27911914263243
-17.772827132347402,18.381644912142757
-17.771344012942336,18.48351684804938
-17.76989927364525,18.58469931162337
-17.768480578155277,18.68516214701718
-17.767087926330305,18.784906724951156
-17.765714464417215,18.883922079662547
-17.76435745128424,18.98221232331239
-17.763015516152336,19.079778826621016
-17.761691400437485,19.17662707246981
-17.76037413804943,19.272761173019795
-17.75984366929606,19.36816193818617
-17.760132891311287,19.462814290045156
-17.76034672374749,19.556762091647734
-17.760582487653664,19.650016308756662
-17.760921055582912,19.742581053532952
-17.76140217828015,19.834460438137643
-17.762023114613612,19.925662686892796
-17.762774269414194,20.016190541239094
-17.76363234029077,20.10604948405791
-17.76457539591547,20.19525048111199
-17.765584246092203,20.28378804951996
-17.76663695935099,20.371674525764913
-17.76772668208082,20.458911280567186
-17.768834224085595,20.545505167528503
-17.76995684394933,20.63145892808954
-17.77108494678714,20.71678215729271
-17.77221716196209,20.801476225858345
-17.77334663529473,20.885545245947487
-17.774473367495602,20.968997441882188
-17.77559461686451,21.051836925823473
-17.77670764170125,21.13406643921204
-17.777816554342962,21.215688723488565
-17.778917242878833,21.296712002975116
-17.780009707024647,21.377137648392033
-17.781092576001356,21.456972513341025
-17.7821699621461,21.53621933926279
-17.783239124185002,21.614884979759037
-17.784298690912692,21.692970805550107
-17.784593395901993,21.7704576265512
-17.784125980142562,21.84732762339785
-17.783817568073346,21.923626029861392
-17.783561243334134,21.999363811704562
-17.783273391955845,22.074545081088395
-17.782919746309744,22.14917532089426
-17.782493452216386,22.223254531122155
-17.782006846545073,22.29678819465346
-17.781469524038584,22.369781794369548
-17.78090204595628,22.442238071711095
-17.780307153287822,22.514162509559483
-17.77970129495543,22.585561961516422
-17.77908721223298,22.656433686141234
-17.778467646678564,22.726787278476312
-17.77784671048721,22.79661999708098
-17.777983782281126,22.86591128115008
-17.77984384986553,22.934587111785085
-17.78223849825622,23.00270780068109
-17.78429183730168,23.07032269377046
-17.78623277743918,23.137444127536277
-17.788203873152497,23.204069360537854
-17.79025172936599,23.270203875656566
-17.792376346079664,23.33584767289241
-17.794559903450136,23.40100623512676
-17.79678458248668,23.465685045240996
-17.79903393455129,23.529892327557167
-17.801288769589974,23.593625340634595
-17.803544975265595,23.656889567354643
-17.80579569810925,23.719690490598694
-17.80728430048839,23.782019886044683
-17.80807520603389,23.84386130504849
-17.80910872909658,23.905239420576297
-17.810249168519476,23.966162456950162
-17.811401944385352,24.02664137993283
-17.812530047081054,24.08667893096499
-17.81362525264285,24.146275110046638
-17.814690302344616,24.205435400059148
-17.815730679018316,24.264170766765265
-17.816751865780134,24.322470244402243
-17.817756603903945,24.38035576449558
-17.818751746858652,24.437808136960463
-17.81973592400732,24.49485477620376
-17.820713247544973,24.551465526377914
-17.821682346976786,24.607678767652544
-17.822643221876433,24.663467085620784
-17.823597243307177,24.718857894689496
-17.824543040063645,24.773829263333184
-17.825481983777536,24.828414088840095
-17.826415444233135,24.882582215362667
-17.827344792635813,24.936363798748463
-17.828265916790542,24.98973964891267
-17.829178816413105,25.04273992170284
-17.8300862332037,25.09533446127142
-17.830985425888457,25.14755890634734
-17.83187913545703,25.19938035964236
-17.832767362193636,25.25083994276677
-17.833647364682292,25.301902016991654
-17.834519142923,25.35260496248662
-17.83538680882657,25.402915881963434
-17.836247621119128,25.45287863847307
-17.837102950721828,25.502452110405237
-17.837951426713516,25.551677419370236
-17.838793048809976,25.600518926639136
-17.839629188216577,25.649025978144294
-17.840458474154275,25.697146486512676
-17.841283647754835,25.74493253911731
-17.842099226186292,25.79234301434791
-17.84290932192789,25.839421775255456
-17.84371530561657,25.88613044167034
-17.844513064773082,25.932518359524913
-17.845306712018782,25.978536182886817
-17.846092134732316,26.024235999129104
-17.84687344539293,26.0695712037601
-17.847646531521377,26.114593884152846
-17.84841687637595,26.1592519529343
-17.849180367477402,26.203605721799565
-17.84993700525206,26.24760036193491
-17.85068953068958,26.29129618503544
-17.851435202658195,26.334632879406048
-17.852176762289673,26.37767075674184
-17.852912839089186,26.420357729669774
-17.853642062277686,26.46275410988495
-17.854367173271157,26.504799585692265
-17.85508680171688,26.546559951668193
-17.85579820534622,26.587974896117636
-17.85650686784379,26.629107472176383
-17.857207305951306,26.669897368149325
-17.857903631863792,26.710407637172256
-17.85859584558125,26.75058070899076
-17.85928120597191,26.79047689529994
-17.859962453883327,26.83004136728606
-17.86063684832584,26.86933717808492
-17.861305759936386,26.908298533120036
-17.861973300625777,26.946996709849255
-17.86263261706722,26.98536591369611
-17.863289192234788,27.023474680677754
-17.86393754287019,27.06125447477703
-17.864581781310562,27.09877931489247
-17.865221907840123,27.13598066500692
-17.8658565512535,27.172929802578217
-17.866487082613958,27.20955545014852
-17.866555618724078,27.24591517797224
-17.86617867068685,27.281924001388106
-17.866085461548664,27.317683353701504
-17.866143031710635,27.35312744033597
-17.866273250319864,27.388327538749344
-17.866429512309878,27.423217854365156
-17.866595369611105,27.457875147522625
-17.86675848535424,27.49221991644184
-17.866924342513357,27.5263344043434
-17.867081975424526,27.5601391094474
-17.867239608051477,27.59371901641511
-17.867397240820537,27.62699736490732
-17.86755350309477,27.660050915263245
-17.867707023810908,27.692800165702973
-17.86785506169508,27.72532461800643
-17.868003099295038,27.75755299471574
-17.868152507958257,27.789562056170148
-17.868300545700322,27.821277783471107
-17.868449954079324,27.852776936957845
-17.868597991963497,27.883980014850447
-17.868741917652642,27.91497748469157
-17.868881731146757,27.945678878938566
-17.86902291527781,27.976174665134074
-17.869162728771926,28.006382600057517
-17.86930254226604,28.03638492692948
-17.869443726539203,28.066099402529364
-17.86958353989121,28.09561923584052
-17.869720611969342,28.124848476438913
-17.869853571852445,28.153885816189266
-17.869985160956503,28.18263530466754
-17.870115379423623,28.211192892297767
-17.87024696866979,28.239468111537295
-17.87037855763174,28.267554171369465
-17.870511517514842,28.295360604251616
-17.870643106903117,28.322980619167097
-17.8707692130331,28.35032374857325
-17.870893948526145,28.377483201453416
-17.871017313524362,28.404368510264938
-17.871140678238362,28.431075625431845
-17.871262672457533,28.457505855089426
-17.871386037171533,28.483760632543078
-17.871508031390704,28.509746748809462
-17.871631396104704,28.535551929990543
-17.87175064890789,28.56109119142505
-17.871865789231833,28.586457742096304
-17.871980929839992,28.611561114461665
-17.872094699669105,28.636494517504477
-17.872208469214,28.66116474224139
-17.872322239185223,28.68567048053712
-17.872436009014336,28.709913040526953
-17.872551149622495,28.73399385551629
-17.872663548672563,28.757778594911493
-17.872770464606447,28.78119049837335
-17.872865044523678,28.8020227061493
-17.872936321907673,28.81819172331769
-17.872989780016724,28.82959611657311
-17.873017194318663,28.8362304030342
-17.873022677292738,28.837538070241614
-17.873022677292738,28.83761483058083
-17.873021306513692,28.83782866295437
-17.873021306513692,28.838116514226442
-17.87301856509771,28.838524988888718
-17.873021306513692,28.83897732660197
-17.873017194318663,28.83950368321376
-17.87301856509771,28.840043747028982
-17.87301856509771,28.84063041533587
-17.873021306513692,28.841206117880017
-17.873017194318663,28.841814717712396
-17.873022677292738,28.84226705542565
-17.873017194318663,28.84276873907126
-17.873024047929675,28.84347054788698
-17.873035013877825,28.84450955390713
-17.873058315984736,28.84606120933563
-17.873054203789707,28.848128255613176
-17.873085730570892,28.85085873053683
-17.87311040345685,28.85429375571689
-17.87312273975772,28.85841139962786
-17.873133705705868,28.863236335235925
-17.873174827229832,28.86876856254108
-17.87319127586784,28.874980667136462
-17.873209095284892,28.881861683259327
-17.873247475392873,28.889425318113105
-17.87327900203195,28.897572879833085
-17.873316011502993,28.90618922791044
-17.873348908779008,28.91495361378486
-17.87338728888699,28.92383314016811
-17.873418815383957,28.932896343077346
-17.873461307829075,28.942285777428268
-17.873501058573993,28.952157705339996
-17.873549033851077,28.962602594355175
-17.873588784738104,28.973699946253724
-17.87364361348409,28.98548539976456
-17.87369433017716,28.997978144972482
-17.873749158923147,29.01119188908093
-17.87380810014838,29.025137597852645
-17.873871153142318,29.039812529846944
-17.873932835499318,29.055222167945196
-17.874005483804467,29.071361029266033
-17.874075390551525,29.088226372368766
-17.87414666793552,29.105823680134765
-17.874226169709573,29.124139245360606
-17.874305671483626,29.143173068046277
-17.874386544036724,29.16292514819179
-17.87447564097988,29.18337081283096
-17.874563366859775,29.204370248488782
-17.874651093165994,29.225679466944168
-17.874738819187996,29.247087377264265
-17.874826545352107,29.26848980470299
-17.874914271232,29.289801764599066
-17.87500336803305,29.310995842545623
-17.87509109433927,29.332052848457863
-17.87517882036127,29.352967299454406
-17.87584361963468,29.373681625280845
-17.877435026179,29.394146480004817
-17.878718020369888,29.414479745575846
-17.87941571691931,29.43468142199393
-17.87991054712279,29.454746026377688
-17.880346435958927,29.474665334405067
-17.880746686529392,29.49444208751676
-17.881141453841565,29.51407354427207
-17.88206394863323,29.533521324501386
-17.88436675880689,29.552642873289027
-17.887903217257417,29.57140255190606
-17.89205512920944,29.589904535098576
-17.897028102566992,29.608041906679798
-17.903067496405356,29.62572145766639
-17.910055428842497,29.642899325007374
-17.918144049389184,29.659405539380185
-17.9272374083439,29.675207203496598
-17.937395816716162,29.69016450388159
-17.948516470909226,29.704239060365573
-17.960624043809048,29.71729380091421
-17.972691865537627,29.730167606377538
-17.98303120892797,29.743926897182583
-17.990822383495697,29.75865391654992
-17.997205828237384,29.77379489346091
-18.003099925749666,29.789007147829743
-18.008824053765693,29.804156349062787
-18.0149004570751,29.81901769902376
-18.021638918384042,29.8334431599156
-18.028629592095058,29.847621891145657
-18.03612469089444,29.86138666483207
-18.044320227801336,29.874679910720428
-18.05292835143746,29.887830601693086
-18.061118405654497,29.901485717752042
-18.068377740405595,29.916053733559572
-18.075473959697774,29.931309850979385
-18.082705880146932,29.947196499757077
-18.090645092598834,29.963469691671545
-18.099645242131146,29.979923818671317
-18.10926084544917,29.996660314061792
-18.119668725091742,30.013259737417943
-18.131005952852774,30.029351994247108
-18.142818820905404,30.04509882954979
-18.15492228146809,30.060538623495592
-18.1675836253703,30.075350627524212
-18.18099749456792,30.0893018191773
-18.194821209078782,30.10265263532007
-18.209197324239312,30.11517827781623
-18.224246462779092,30.126634758444695
-18.23988775257135,30.13699740423929
-18.256126676590156,30.14608802155539
-18.2726973149272,30.154298636411156
-18.289463965857067,30.161763579400223
-18.306502019811433,30.16816484340297
-18.323826554222933,30.17322006002869
-18.341285419296582,30.17730206521074
-18.358797742479283,30.180229923863813
-18.376370377097828,30.181666438783488
-18.393877217306454,30.182020084632036
-18.411264804996108,30.181477279376125
-18.42846597440939,30.18012574911773
-18.445458794502656,30.178014839789203
-18.46220488516792,30.1751527757126
-18.47868231436678,30.17152859112518
-18.494992515485364,30.168077117301003
-18.511153308509165,30.16651175466907
-18.52680282269148,30.16757817509608
-18.541816322539262,30.170689710275145
-18.556552936956905,30.17448386418512
-18.571221015264427,30.178006615467144
-18.58590005937799,30.180805626407956
-18.600529757577533,30.183281147347774
-18.615125187864123,30.185120654048355
-18.629686349953545,30.186156918627812
-18.644174864164142,30.186787449985683
-18.658572910652538,30.187171251681775
-18.672859928585694,30.186946453545495
-18.686997538281958,30.186768259900877
-18.70081302854487,30.18813623880339
-18.71447225681777,30.18975917168974
-18.728069802591563,30.190894128133912
-18.741582363901443,30.19184540805209
-18.75501405237401,30.19224839983299
-18.768344307602547,30.191955065679544
-18.781563534702173,30.19128889559275
-18.794627870306613,30.190088144572105
-18.807511270608757,30.188166394650942
-18.820265823364934,30.185890998881227
-18.83280517319008,30.183020710482566
-18.845077232327867,30.17943490606476
-18.85714916653569,30.17546529995085
-18.869044277778357,30.171251705615855
-18.88062686447256,30.166492564584264
-18.892081974541952,30.161738906434046
-18.903774219012348,30.158693165831455
-18.91551443861772,30.157377274301982
-18.92716967375918,30.156584997943614
-18.93879475304061,30.155965432348488
-18.950517153371038,30.155365056838164
-18.96251369785773,30.154767422768533
-18.97495572649177,30.154120442766544
-18.987961120870978,30.153440565476313
-19.001594305478875,30.152700376490987
-19.015904625945268,30.151924548776737
-19.03091401359802,30.151088409367382
-19.046640288138406,30.150219372669795
-19.06308344942431,30.149298248599166
-19.080248980145598,30.148344227240294
-19.098138251507635,30.14734085994907
-19.11674715088907,30.14684740062552
-19.13605922965189,30.147222977999558
-19.15605941022136,30.147261358169168
-19.17675043372924,30.146699362828457
-19.19813915392865,30.145915310792144
-19.220228312235577,30.145046274094558
-19.24302476226103,30.144119667142554
-19.266391432068986,30.14316564578369
-19.290111747523042,30.14218969289933
-19.314285771372397,30.141208257133595
-19.339083473255414,30.140188441198255
-19.364459619026775,30.139154918059482
-19.39055265140155,30.13809123907316
-19.417285810163776,30.13700288712066
-19.44476052869959,30.13588163787992
-19.472894563676846,30.13473571567301
-19.50178934848168,30.133559637618543
-19.531355786313043,30.132361628038584
-19.56167749099791,30.131659819222865
-19.59264069299138,30.132040879478275
-19.624324893641187,30.133219698973427
-19.656668410590328,30.1342532221122
-19.68975074618129,30.134669921096535
-19.723510217488638,30.13477957872399
-19.75801673140154,30.134757647198498
-19.793199010536,30.13467266253722
-19.82913107340778,30.13457397067251
-19.865736160227243,30.134472537367113
-19.90308828951015,30.134365621180343
-19.941116184014618,30.134255963552885
-19.979880155318597,30.134132598722
-20.019322633260117,30.13400923389111
-20.05950255849598,30.13388861050091
-20.100355507679524,30.13376524567002
-20.141944533520473,30.133641880839132
-20.184203841608905,30.133518516008245
-20.22719785600202,30.133395151177357
-20.270860781721467,30.133274527787158
-20.315254301550567,30.133151162956267
-20.360320844901025,30.13301409092195
-20.40610290436007,30.13287427744694
-20.452563470456653,30.132731722531247
-20.49974092315665,30.13259190905624
-20.547591399520115,30.13245209558124
-20.596160133408148,30.132309540665545
-20.645399149543664,30.13216698574985
-20.695349569592736,30.132027172274846
-20.745977125358195,30.131873651596404
-20.79730786078926,30.131714648036592
-20.849306136909718,30.13155838591747
-20.9020048512798,30.131399382357657
-20.95536836478118,30.131240378797848
-21.009426833700218,30.13108411667872
-21.064152843450756,30.13092511311891
-21.119566954723723,30.130768850999786
-21.175643123712007,30.13059614023654
-21.232406024012107,30.130420688032615
-21.289833723443508,30.130245235828685
-21.34793992951245,30.130069783624755
-21.406705451880725,30.12989433142082
-21.466148110249605,30.12971613777621
-21.526250085344145,30.12954068557228
-21.587014118011894,30.12936523336835
-21.648440208679176,30.129178815401676
-21.710531098619867,30.12898417311294
-21.773275822454252,30.128792272264892
-21.836677121171988,30.128600371416844
-21.900734994773075,30.12840572912811
-21.965450814320775,30.12821656972075
-22.030824579530872,30.128024668872698
-22.096846695660588,30.12783002658397
-22.16352401589461,30.127629901413858
-22.23085379910117,30.127418810481007
-22.29883193294313,30.127210460988838
-22.36746252989974,30.126999370055987
-22.436741477349642,30.126788279123133
-22.506667405082226,30.126574446749594
-22.577241683165994,30.126363355816743
-22.64846431231149,30.12615226488389
-22.72033117975525,30.125943915391723
-22.79284228578149,30.125713634374065
-22.86599763053232,30.125486094797093
-22.939795842944477,30.125258555220125
-23.014235552523132,30.125031015643152
-23.08931538863135,30.12480347606618
-23.165039463179937,30.124573195048523
-23.241399552063058,30.12434565547155
-23.318398396554585,30.12411811589458
-23.396033255238535,30.123871386232803
-23.474290421034993,30.123624656571028
-23.552999924447704,30.123377926909253
-23.63183827554849,30.123131197247474
-23.71052036480137,30.122887209026384
-23.788873480867778,30.12264047936461
-23.866796190930017,30.12239649114352
-23.944225441567824,30.122149761481744
-24.0211283357894,30.121913997582716
-24.097488424388303,30.121686458005744
-24.17330022524311,30.12145891842877
-24.248560996227297,30.1212313788518
-24.32327073776719,30.121001097834142
-24.397434932552642,30.12077355825717
-24.471050839167674,30.120546018680198
-24.54412668228656,30.120318479103233
-24.61666520275685,30.120093680966946
-24.68866914227874,30.119866141389974
-24.760149466800385,30.119652309016434
-24.831103434337365,30.11944121808358
-24.901533787016206,30.11923012715073
-24.97144874880064,30.119019036217875
-25.04085106110665,30.118807945285024
-25.109743465634438,30.11859959579286
-25.17806290882163,30.118388504860004
-25.24550783263635,30.11817741392715
-25.31172459072195,30.117977288757043
-25.376373244938577,30.117785387908995
-25.439313981650002,30.117590745620262
-25.500535834908078,30.1174015862129
-25.56003880499702,30.117228875449655
-25.617833857580763,30.11705068180504
-25.67393195818113,30.116875229601114
-25.72834681430436,30.1167162260413
-25.781089391614387,30.116559963922178
-25.832170655775144,30.116400960362366
-25.881604314292872,30.116261146887357
-25.929398591131303,30.11612133341235
-25.97556993535477,30.115981519937343
-26.02025267677277,30.115844447903026
-26.064011553188493,30.115721083072135
-26.107293418533573,30.11559771824125
-26.150246311260616,30.11547435341036
-26.192848299331217,30.11535373002016
-26.235162436449855,30.115233106629958
-26.277131151886124,30.11510974179907
-26.318814757502196,30.114986376968183
-26.36016116568385,30.11486575357798
-26.401170376999517,30.114742388747093
-26.44150245231458,30.114619023916205
-26.48088050634101,30.114495659085318
-26.518865908400358,30.114391484339233
-26.555423019942737,30.114284568152463
-26.590431217385913,30.11418039340638
-26.624005641480153,30.114070735778924
-26.656044858697214,30.113983009676957
-26.6867654431735,30.113895283574994
-26.716493625684734,30.11380755747303
-26.745799626581857,30.113725314252438
-26.774741016026837,30.11363758815047
-26.803446641423534,30.113549862048508
-26.83184522538795,30.113462135946545
-26.8600436842803,30.113374409844578
-26.887954291936467,30.113286683742615
-26.915675740184497,30.113198957640652
-26.943117561302188,30.11311397297937
-26.970378447543908,30.11303721264015
-26.99736244821338,30.112965935182302
-27.02416277230668,30.112897399165146
-27.0506916936597,30.1128261217073
-27.077045163110824,30.112754844249455
-27.103124488263575,30.11268630823229
-27.12902561981423,30.112615030774446
-27.154660831740784,30.112546494757286
-27.180126074171085,30.112475217299437
-27.205322655561304,30.11240393984159
-27.230349267597376,30.112335403824435
-27.255112701141115,30.11226412636659
-27.27970890703091,30.112195590349426
-27.304039193012386,30.11212431289158
-27.328210475729975,30.112053035433735
-27.352121321229106,30.111984499416575
-27.375870421906257,30.111913221958726
-27.399359085649166,30.111844685941566
-27.422694228675937,30.11177340848372
-27.445768934910575,30.111702131025872
-27.468690120571182,30.111633595008716
-27.49135086915544,30.11156231755087
-27.513989686411833,30.11149378153371
-27.53633242789988,30.11142250407586
-27.558713549638014,30.111351226618016
-27.581001462380073,30.111282690600856
-27.603166010266023,30.111211413143007
-27.625190744799966,30.11114287712585
-27.647064699891644,30.111071599668005
-27.6687851345514,30.11100032221016
-27.690352048352906,30.110931786192996
-27.711765441580383,30.110863250175836
-27.733022572675736,30.110811162802793
-27.754120700365092,30.110759075429755
-27.775068048327967,30.110709729497398
-27.79586461755912,30.110654900683674
-27.816507665789914,30.110605554751313
-27.837002676278644,30.1105479844969
-27.857346907609326,30.110498638564547
-27.877543101197944,30.11044380975082
-27.897591256902388,30.110394463818462
-27.91749137472266,30.110336893564046
-27.937251679190922,30.110290289072378
-27.956863945775012,30.110232718817965
-27.97633091617513,30.11018337288561
-27.995660814497114,30.11012854407188
-28.014845416493017,30.110079198139523
-28.033890204710588,30.110018886444426
-28.05279517957615,30.109972281952757
-28.0715630826478,30.10991471169834
-28.090191172083223,30.109868107206676
-28.108682189582623,30.109807795511575
-28.12704161769375,30.109766673901277
-28.145261232594976,30.109703620765487
-28.163349258250037,30.10965701627382
-28.181308435932806,30.10959670457872
-28.19913328337975,30.109552841527737
-28.216826541438422,30.10949252983264
-28.234388210535144,30.109445925340967
-28.251823773359774,30.10938835508655
-28.269133229628096,30.109341750594883
-28.28631109693447,30.109281438899785
-28.303371082500917,30.109237575848802
-28.320302220095073,30.109177264153704
-28.33711273453332,30.109130659662032
-28.353799883831243,30.10907034796693
-28.37036640983115,30.109026484915947
-28.386809571259164,30.108968914661535
-28.403137591794803,30.10891956872918
-28.419344989174533,30.10886473991545
-28.435437245946105,30.108815393983093
-28.451411620693534,30.10875782372868
-28.467270854974913,30.108711219237012
-28.48301494907446,30.108653648982596
-28.49864390228163,30.108604303050246
-28.51416045658084,30.108549474236515
-28.529561870414,30.108500128304158
-28.54485636788695,30.108450782371804
-28.560038466451942,30.10841788508357
-28.57511090724074,30.10837950491396
-28.59007643195355,30.10834934906641
-28.60490488473033,30.10785040686148
-28.619568850842825,30.106660621603584
-28.634106710825336,30.105169277870182
-28.648449928425634,30.103140611762246
-28.662562865093832,30.100355308024866
-28.6763961747738,30.096862712590394
-28.690084187985576,30.09338656580004
-28.70382154739559,30.09149497172642
-28.717506819191385,30.090283254943035
-28.73110710638116,30.0893018191773
-28.744616926275057,30.088386177988045
-28.757981449558656,30.08708673510269
-28.771154071876026,30.085145795096718
-28.784107379209445,30.082585289495622
-28.796800249608623,30.079303784994
-28.809325892069637,30.075742653542367
-28.821577390516495,30.071646941156885
-28.833502657477084,30.066917955972848
-28.845055088453364,30.061555697990247
-28.85617985469935,30.05552726992085
-28.866849541913098,30.048876534815648
-28.87699561398449,30.04160075123394
-28.887188290269705,30.034601853161565
-28.897989566587512,30.02932732128093
-28.909171903137576,30.02576344838861
-28.920420034381777,30.02274786363357
-28.93162978523378,30.01989128243834
-28.94273810284176,30.017125168785764
-28.953692899875705,30.014008150725328
-28.96455997074554,30.010348327408984
-28.975605235217472,30.006362272650957
-28.98687803920552,30.00180051534879
-28.998271466917913,29.996465671773056
-29.009631996927965,29.990409829296794
-29.020721124481952,29.983616539275896
-29.03142919180368,29.976189976456443
-29.04163831686901,29.968113692194308
-29.051296412490046,29.959478154032148
-29.06031026938649,29.950247723241038
-29.068663439062448,29.94053205744844
-29.076262712663947,29.930295517925423
-29.083390458595204,29.919814990181315
-29.089827361303833,29.909000006673466
-29.0954390904119,29.897823152995013
-29.10051075545539,29.886459881349886
-29.105135565998808,29.875000659280733
-29.109343677475863,29.86346741831305
-29.11378481144311,29.852178165566453
-29.119555544099285,29.841914211636574
-29.12689986359851,29.83326496627098
-29.135159824420498,29.82578905751917
-29.143639100510654,29.818688726141392
-29.15211563504272,29.81170079383176
-29.16055104805082,29.80479236330203
-29.168904217726777,29.797905864297796
-29.177166919964748,29.79109338419209
-29.185136287992464,29.784031432983927
-29.192815063510125,29.776547299910053
-29.20028274772335,29.76848746429204
-29.207588687256703,29.759695664010756
-29.215028957310096,29.7502925224564
-29.222441812777333,29.740105328865738
-29.2295668171505,29.729076512984353
-29.236250449571344,29.717381527016173
-29.242240497353578,29.705135511470022
-29.247495839399562,29.69250843566847
-29.251871178530564,29.679563352747284
-29.255380222537042,29.66642362753737
-29.257918796616877,29.653116674445585
-29.26058073555282,29.639965983472923
-29.264824485721874,29.62761031029932
-29.270891294004286,29.616532148485575
-29.277484458845038,29.605873427096856
-29.283899430083693,29.595017321978712
-29.289982687004112,29.583670498977703
-29.295646503442185,29.571635574364407
-29.300863464953864,29.55880289051137
-29.30552391418928,29.545098428520056
-29.309567539144155,29.530516705509093
-29.312437827684334,29.514997409783383
-29.314175901049566,29.498614560241457
-29.314792725330108,29.481461365866657
-29.314079950637506,29.463625552760938
-29.3119800069519,29.445238710077252
-29.308243423287195,29.426443392731294
-29.30319368957157,29.407253307926496
-29.29785884603575,29.387484779136866
-29.294286748893228,29.366926715429553
-29.29367266602867,29.345897123924182
-29.295646503442185,29.324546783858498
-29.298755297020307,29.302648155655536
-29.302330135720922,29.280099806009893
-29.30609961680375,29.256997685345603
-29.309934892296496,29.233547401714137
-29.313827737951215,29.209642038928727
-29.317800085522094,29.185119851988887
-29.32184645203506,29.160019221064207
-29.325994251792054,29.134208557001752
-29.329747284094765,29.10770979132701
-29.332115888820454,29.080388593446347
-29.332902682313033,29.05239574259752
-29.333511282203517,29.023673668526108
-29.335320632952744,28.99442249640222
-29.337834534004514,28.964483222666047
-29.34069933957062,28.93390519324994
-29.343767011766886,28.902592457729885
-29.346941600039145,28.87060532780097
-29.349655626305093,28.8378423701578
-29.351256627592193,28.80437760369892
-29.351519805942416,28.77018361401745
-29.35109214121212,28.735381024503607
-29.351654136462457,28.699895816258845
-29.352802800275413,28.663777335215528
-29.354233832350474,28.62692688950894
-29.3557937119715,28.589410273715558
-29.357419386286665,28.55115346893685
-29.358480323651293,28.51222226974928
-29.35906699221391,28.472575554542566
-29.359982633252457,28.432270893571115
-29.361076468177316,28.391242492258453
-29.36226077054016,28.349542437977625
-29.363494418959135,28.30710767759284
-29.364749998705975,28.264001264239887
-29.366027510064896,28.220168369105043
-29.366669007231394,28.175677528205455
-29.366764957643454,28.13048761993084
-29.367176173735743,28.084650731654232
-29.367751876065995,28.03826555524035
-29.36839063195862,27.9916500978088
-29.36905406059509,27.94500174308902
-29.36971474767347,27.89850690904768
-29.370372693477975,27.852209458735757
-29.371019673618548,27.806208084017968
-29.371658429369063,27.76048633625019
-29.37228896058741,27.7151100100089
-29.37227799478137,27.670057173768605
-29.370874377150358,27.625445709478818
-29.3678067050962,27.581313997309152
-29.362628123692502,27.537867645311085
-29.355174146274976,27.49523824263757
-29.344649755529417,27.45398230174793
-29.330747910023547,27.41457683332162
-29.31340007322092,27.37760028134346
-29.293264191494472,27.342959436830114
-29.272944633049747,27.30901491825111
-29.254799037232715,27.274634510602965
-29.23986640993803,27.239629054478325
-29.23322389904115,27.203908082334536
-29.2266307342004,27.16858736053096
-29.222441812777333,27.133420159405823
-29.221312339302585,27.099105546334155
-29.223623373866303,27.066200033775296
-29.229287190162268,27.03489278113661
-29.2380022301586,27.005057682146518
-29.243515267438625,26.975027940867694
-29.255202028934946,26.946936398154154
-29.269893409633596,26.92079127832796
-29.284439493864056,26.89481612782432
-29.29668825089493,26.868303654946146
-29.306584851696016,26.840850867912536
-29.315299891692348,26.81274287655488
-29.32365031995232,26.783850833160912
-29.331880124914278,26.754377604341425
-29.339698713783946,26.724021631620918
-29.346478296474743,26.69285145101655
-29.35261638228326,26.660757404900867
-29.357726427576836,26.627914945477798
-29.361312231941383,26.594296658340475
-29.36363149089516,26.560404227134512
-29.36443747444173,26.526347309487367
-29.36422638356362,26.49251244853582
-29.36540794451048,26.458899644279867
-29.367598355634073,26.425709021889627
-29.370284967455973,26.39268836882194
-29.373105909940023,26.360026844484167
-29.375989905560118,26.32751061650278
-29.378819072292117,26.29535351725131
-29.381648239024116,26.26334171435622
-29.384403387098246,26.231689040191046
-29.38715031064021,26.20018166238225
-29.38981773226601,26.169033413303374
-29.392487895592012,26.13802223625882
-29.39508403983382,26.10737292938487
-29.397680184217734,26.076857953104554
-29.400205051075545,26.04670484699484
-29.402729917933357,26.01668058859739
-29.40472020398488,25.98700175172642
-29.405682449521464,25.95744079680497
-29.405460392695204,25.92827735078305
-29.404665375096783,25.899300322727804
-29.404673599344733,25.870729027894143
-29.40521092185122,25.842300287976173
-29.405934662065647,25.814238901110187
-29.40677354288823,25.786298137634397
-29.4075987166309,25.75871376144784
-29.40845130467551,25.731236301448057
-29.409254546806096,25.704115228737503
-29.410068754600616,25.677103813654405
-29.410833616481113,25.650443302979163
-29.411603961335686,25.62388422560932
-29.412324960418346,25.597678794088026
-29.413062407854795,25.57157205443144
-29.413745026545257,25.54581621918271
-29.41444135259985,25.520156334358006
-29.41509107387219,25.49484461250048
-29.41575176109268,25.469634323948345
-29.416365843957237,25.44476671548201
-29.41699363390171,25.419989574558333
-29.41757481920604,25.39556059660182
-29.418166970458515,25.371219344747274
-29.418715258486827,25.347223514419216
-29.419277253879272,25.323312668752436
-29.419422550205354,25.29976095181558
-29.418723482876885,25.2763325997096
-29.41710603280967,25.253331912350706
-29.415077366650166,25.230525867280548
-29.414021912117505,25.207818514075093
-29.413361224897017,25.18531951036181
-29.412928077334755,25.162880818343627
-29.412574431404437,25.140516145223977
-29.412253682750134,25.118258388291096
-29.411946641459963,25.096132220511162
-29.411634117195717,25.074154090528296
-29.41132981732153,25.052321256901806
-29.411028258863325,25.030633719631698
-29.410721217431046,25.00902020126012
-29.41041965897284,24.987346371193443
-29.410107134850705,24.965420328583615
-29.409789127612385,24.943072104108083
-29.40946015485224,24.920148177088407
-29.40913392336597,24.897048797864805
-29.408791243241694,24.873269541350968
-29.408445821701434,24.849081810174862
-29.408089434497242,24.824082612555582
-29.407724822760883,24.798584472731374
-29.407349245360592,24.77222826197233
-29.40696544371235,24.745334728838746
-29.406567934984196,24.7175666761262
-29.406162201581765,24.68924759383569
-29.405742761241527,24.660062216288274
-29.405317837785105,24.63030661907809
-29.404879207390877,24.599690209492376
-29.404435094022574,24.568503580243892
-29.403977273432247,24.53646162150125
-29.40350848689377,24.503849443095834
-29.403028734975578,24.47038741807764
-29.40254075838311,24.436349690515296
-29.40204181641093,24.401470340662232
-29.40153464976447,24.36600980538365
-29.4010137760381,24.3297158721364
-29.40048741947976,24.292840753463636
-29.399947355699396,24.25514046114426
-29.399396325970883,24.216850759077317
-29.398834330862655,24.177746849126507
-29.398264110938044,24.13804530510606
-29.397680184217734,24.097543260405192
-29.397093515939332,24.05641890866851
-29.39649588185489,24.014587265234727
-29.395884540548423,23.972166212053377
-29.395264974851898,23.92906254014111
-29.394639926465516,23.885314629667544
-29.394001170715,23.840856686056195
-29.393354190716536,23.79573531379874
-29.392693503638156,23.749901166962818
-29.392027333443593,23.703398108599416
-29.391350197585098,23.65617679277618
-29.39066209592056,23.60828382398477
-29.389965770150184,23.55968082205559
-29.389255736873565,23.510400684276867
-29.388537479491106,23.46041051336036
-29.38781099771859,23.409745948035006
-29.387070808724047,23.358376832453242
-29.386319654065574,23.306338805344
-29.385563016290916,23.253604452300415
-29.384795413136544,23.20020118772934
-29.384019585307897,23.146104338664614
-29.383230050257225,23.091344060953773
-29.382432291100713,23.035890198749275
-29.38162630769625,22.97977290789867
-29.38080661678555,22.922974369037497
-29.379978701769005,22.865508289369178
-29.37913982094642,22.807366444571667
-29.37829271559167,22.74856254184839
-29.377437386273186,22.68908424471626
-29.376571090722337,22.62894388965836
-29.37569382993388,22.568142847395038
-29.37481108602924,22.506678376485613
-29.373914635044684,22.4445545890911
-29.373009959527963,22.38177011449117
-29.3720943182052,22.31833454772822
-29.371167711218504,22.25425748384465
-29.370238362957934,22.189700667840963
-29.369309014555256,22.124975253235064
-29.368376924736594,22.060341676892154
-29.367447576333916,21.995964425253426
-29.366523710905312,21.93193396586153
-29.365605328166566,21.86830375680984
-29.364695169817878,21.80510258322558
-29.363790494443265,21.742348264473197
-29.362891301900618,21.680043541993385
-29.36200033374803,21.618192527947176
-29.361112106869314,21.556791110173535
-29.36023484579664,21.495840659392805
-29.35936306769804,21.43533432200327
-29.35849677243141,21.37527483944562
-29.35763596013885,21.315658099558828
-29.356783371952133,21.25647724874117
-29.355936267023708,21.19772817483162
-29.35509464464303,21.139409507109832
-29.354261246652413,21.08151713341478
-29.35343333149376,21.02404694158544
-29.352610899309184,20.966998931621802
-29.351793949956573,20.910444380981712
-29.35099344924197,20.854677994538967
-29.350206655891498,20.800078091108283
-29.34945001825895,20.74696541924997
-29.348707087706316,20.69550309468487
-29.347999796129898,20.64565822012475
-29.347297987385446,20.597458209976466
-29.346642782854815,20.550868796231445
-29.34597661280236,20.50576524333845
-29.34536253022202,20.461628048287412
-29.344707325833497,20.417963751754776
-29.344101467501105,20.374659954672403
-29.34345448750264,20.331690613353768
-29.342856853418198,20.28904339131579
-29.342218097667683,20.246714176397433
-29.341628687973298,20.204697485717325
-29.341000898028824,20.16299880215684
-29.340425195556463,20.12161127211426
-29.339802888586064,20.080533524869242
-29.339235410361653,20.039764189701447
-29.338621327639203,19.999308749492243
-29.338062073520632,19.959156238478887
-29.33745621533035,19.919309398102065
-29.337480888216305,19.879784677005894
-29.337938708806632,19.840599894554835
-29.338171731154716,19.80171667057928
-29.33819640432489,19.763132263638546
-29.338210111404806,19.724845303012287
-29.338141575436794,19.686848935098787
-29.338125126798786,19.649144530618383
-29.338048366440717,19.61173071885074
-29.338034659076584,19.574607499795857
-29.33796338169259,19.537769390572354
-29.337952416028656,19.501217761900588
-29.337886621476628,19.464944389458488
-29.33788113864466,19.428953385407084
-29.337815344092633,19.393246120466728
-29.33781260267665,19.357811628874664
-29.33774680812462,19.32265402279193
-29.33774406656653,19.287770560777833
-29.337675530598517,19.253161242832377
-29.337672789040425,19.21882195679453
-29.337606994630505,19.184745849062583
-29.33760151165643,19.150872607941427
-29.3375357171044,19.11708572220189
-29.33753297568842,19.083196032436614
-29.33746718113639,19.049008896356863
-29.337461698162315,19.014372164004545
-29.33739864502627,18.97919673855735
-29.33739042063621,18.943419566879488
-29.337330109058257,18.906992673758946
-29.337319143110108,18.869900981271954
-29.33725609025828,18.832123928613367
-29.337239641336055,18.79365055002043
-29.337171105368043,18.75447810405246
-29.337151915314053,18.714603849268773
-29.33708337934604,18.674026414949026
-29.337061447876067,18.632744430372874
-29.336998394597913,18.590764749142032
-29.336973721711956,18.5480873712565
-29.33691066857591,18.50472189175868
-29.336885995547846,18.460817719165988
-29.336820200995817,18.416643514665683
-29.336798269525843,18.372439154317828
-29.336732474973815,18.32834856375846
-29.336710543361733,18.284462210530226
-29.336644748809704,18.24083218200617
-29.33662281733973,18.197488634033846
-29.3365570227877,18.154448015257366
-29.336537832591603,18.111718549998795
-29.3364665550655,18.069302979698815
-29.3364501065696,18.027202675077774
-29.336378829043497,17.98541900685601
-29.336359639131615,17.943947862872495
-29.336291102879386,17.9027947260086
-29.336274654383487,17.861948630501587
-29.336203376857384,17.82140957635145
-29.336186928219377,17.78117893427853
-29.336115650693273,17.741253962842144
-29.336099202055266,17.701637403482977
-29.33602792467127,17.66231829043829
-29.336014217307138,17.623302106589446
-29.33594019850716,17.58458473977542
-29.335926491427244,17.54616070711484
-29.335852472485158,17.508031379328045
-29.335838765263134,17.470195385694698
-29.33576748773703,17.43265135549445
-29.335762004762955,17.395396547286616
-29.335698951769018,17.35842684891017
-29.33569072752107,17.321743631085457
-29.335627674242915,17.28534415237178
-29.335622191553057,17.24922567132846
-29.335559138274903,17.213386817235154
-29.335550914026953,17.177826219371518
-29.3354878607488,17.142542507017207
-29.33548237805894,17.107535680172223
-29.335416583506913,17.072802997395883
-29.335411100532838,17.03834034652715
-29.3353453058387,17.004146356845684
-29.33534256428061,16.970222399071826
-29.335276770012797,16.936565731764894
-29.335274028312597,16.903174984204544
-29.335205492344585,16.8700953901621
-29.33520275107071,16.837584645062083
-29.33513695651868,16.805977204668235
-29.33513695651868,16.775611636905328
-29.335073903240527,16.74664283317214
-29.334969728580518,16.721152917669993
-29.3348847439745,16.70060307828474
-29.334824432112327,16.684747956074943
-29.33478056917238,16.673303811929568
-29.33474218892229,16.663744408256093
-29.334706550230294,16.654168555938497
-29.334670911538296,16.644621488748108
-29.3346352728463,16.635038782828797
-29.3345996341543,16.62549582779944
-29.334566736878287,16.61593916556665
-29.33453109804418,16.606448297910333
-29.334495459352183,16.596972508177792
-29.334459820518077,16.587580332386185
-29.334429664800155,16.578244356128653
-29.334399508940123,16.568997476693426
-29.334363870248126,16.559587481537356
-29.33432823155613,16.54994994680432
-29.334292592722022,16.539801133383264
-29.334259695446008,16.529128704791113
-29.33422405675401,16.5177722867477
-29.334180193671955,16.505793561668476
-29.3341363305899,16.493215831799272
-29.334092467365736,16.48030364616633
-29.334048604567897,16.467199559685337
-29.334004741485842,16.45408039528057
-29.333960878403786,16.44094615295203
-29.33391701546384,16.427903748886482
-29.333873152381784,16.414901095710885
-29.334248729639967,16.40204373889167
-29.335243872594674,16.38928644465751
-29.335899076983196,16.37665525669492
-29.336145806695413,16.364076156105373
-29.336274654383487,16.351624532507746
-29.336365121821473,16.33924281564762
-29.33644736501151,16.32694882488946
-29.336529608201545,16.31450816705458
-29.33661185153369,16.3018550475665
-29.336696836281817,16.28887569663674
-29.336781820887836,16.275745566469226
-29.336866805493855,16.262522227318378
-29.336954531515858,16.249364682744
-29.337039516263985,16.23614956791521
-29.33712998384408,16.222856322026857
-29.337223192840156,16.209224508213733
-29.337319143110108,16.195173253975593
-29.337423318054334,16.18051888278644
-29.337530234130327,16.16526002392594
-29.337637150348428,16.149306209851435
-29.33775229067237,16.13267525992739
-29.33787017283862,16.11532331110282
-29.33799353769473,16.097270924182876
-29.338125126798786,16.078512616286186
-29.338256715902844,16.05920464953187
-29.3383883050069,16.039574563496906
-29.338519894395176,16.019841673436197
-29.338651483215017,16.00010878337549
-29.33878307260329,15.980447170772631
-29.33891466170735,15.960892474356541
-29.33904899222739,15.941467996373055
-29.339180581331448,15.922170995381485
-29.339312170719722,15.903017920025954
-29.33944375982378,15.884000545984398
-29.33957534878573,15.86512435613819
-29.339706938031895,15.846374272563558
-29.33983852727806,15.827692725006086
-29.33997011638212,15.808926192787336
-29.340101705486177,15.789897852983033
-29.34023055317425,15.770433624109593
-29.340370366668367,15.750419736378532
-29.340512921578465,15.729787653772686
-29.34066095946264,15.708504479003821
-29.340808997204704,15.686541426944729
-29.34096800075281,15.66389027327335
-29.341127004443024,15.64057569095586
-29.341288749265004,15.617018491137626
-29.34145597706106,15.592933563987259
-29.341623204999223,15.568463464420454
-29.341790433079495,15.543701401420547
-29.341960402291534,15.518903699691716
-29.34213037164568,15.494085437157738
-29.342297599441736,15.469413841700483
-29.3424648273799,15.444834084506219
-29.342632055175955,15.420465418244811
-29.342796541840244,15.39622834113635
-29.3429637696363,15.372237993689666
-29.343130997432354,15.348391571879015
-29.343292742396443,15.324797362611514
-29.343451746086657,15.301352561861421
-29.34361074977687,15.278164085815508
-29.343767011766886,15.255126389007348
-29.343928756730975,15.23234775834405
-29.344085018863098,15.209759657808458
-29.344235798021145,15.187634860748867
-29.344381094489336,15.166405144073387
-29.34451816642536,15.14646253380017
-29.344647014255543,15.127922170438048
-29.344764895995468,15.110799131910793
-29.34487455377166,15.095086564616691
-29.34497050418372,15.080776244233686
-29.345060971763814,15.06781608338873
-29.345143214811742,15.056095053734026
-29.34521997531192,15.045033340564403
-29.34529673552788,15.034123777352875
-29.345376237444043,15.023270413675418
-29.345452997660004,15.012492439616835
-29.345524275328216,15.00176381149061
-29.34559281115412,14.991109202262917
-29.345664088538115,14.980513534009981
-29.345732624506127,14.969997367536951
-29.34580390203223,14.95954014203868
-29.345872438000242,14.949167901201685
-29.345943715526346,14.938858713500478
-29.34601499305245,14.928679744231875
-29.34608352902046,14.918530930810823
-29.346154806404456,14.90829987416918
-29.34622334237247,14.897780966255462
-29.34630284428863,14.88683165215398
-29.3463796046467,14.875317601271101
-29.346461847978844,14.863321056827417
-29.34655231541683,14.850954417891064
-29.34664004172305,14.838446594759365
-29.34672502618696,14.825882572093594
-29.34681275220896,14.813343222394003
-29.34690047851518,14.800849106465733
-29.346988204679292,14.788433121597029
-29.347075930559186,14.776085672745483
-29.347163656723296,14.763835545038306
-29.347251382887407,14.751663548390692
-29.347336367635535,14.739590243607786
-29.347413127709387,14.727622484291306
-29.34749262962555,14.71570818306821
-29.347574872957694,14.703689707099034
-29.347662598979696,14.69140668210362
-29.34775032485959,14.67866720723392
-29.347840792581792,14.665378073506597
-29.347939484409835,14.651461149862088
-29.348032693263804,14.637024723207505
-29.348139609766122,14.622242875026437
-29.348243784284023,14.607323954811049
-29.348350700502124,14.592368025146394
-29.348454875162133,14.57745458781238
-29.348561791380234,14.562601462173465
-29.348665966182352,14.547857994162005
-29.348772882400453,14.533140569837066
-29.348877057060463,14.518335419410164
-29.34898123186258,14.503247900592562
-29.349088148080682,14.487721751265136
-29.34920054713075,14.47162949443597
-29.349312946180817,14.454931379215108
-29.34943082820496,14.4377082781028
-29.349554193061067,14.420191842837047
-29.349677557775067,14.402556154901438
-29.349800922631175,14.384921837686171
-29.349924287487283,14.367339607843945
-29.35004765234339,14.34985606986643
-29.3501710171995,14.332473965194309
-29.350291640355408,14.315217966793766
-29.350406780963567,14.298075738181707
-29.350521921571726,14.281066469442939
-29.350634320621793,14.264169599772314
-29.350749461229952,14.247328929635758
-29.350864601553894,14.230397791956554
-29.350982483720145,14.213200734530766
-29.351105848434145,14.19555819299344
-29.35122647187427,14.177379699801921
-29.351358060978328,14.158726937371657
-29.351489650082385,14.139810996635497
-29.351621239186443,14.120796364034629
-29.35175282843261,14.101798180077877
-29.351884417678775,14.082867161417942
-29.352016006640724,14.064041688224433
-29.352150337302874,14.04533409698044
-29.35228192654904,14.026759465609738
-29.35240529126304,14.008312311230952
-29.352528656261256,13.990004970327174
-29.352652020975256,13.971826477135656
-29.352775385689256,13.953789168139489
-29.35289600912938,13.935876594694552
-29.35301937398549,13.918103834724622
-29.353142738841598,13.900454439585578
-29.353266103697706,13.882931150718111
-29.353389468553814,13.865455837062655
-29.35351009185183,13.847902392347637
-29.35363345670794,13.830073432843633
-29.35375956298003,13.811811325711181
-29.353888410668105,13.792987223238017
-29.35401999991427,13.77354629661041
-29.354159813408387,13.75344331205704
-29.354302368318486,13.73266319165413
-29.35445040606055,13.71118948675756
-29.35460392677669,13.689018085206298
-29.354762930182687,13.666150357720694
-29.354924675288885,13.64300848616645
-29.355086420252974,13.619589729102879
-29.355248165217063,13.596365614328041
-29.35540991032326,13.5730112811206
-29.35557165528735,13.5499914036769
-29.355730658693346,13.526974267673888
-29.35588966238356,13.504129842434116
-29.356045924657792,13.481475947322052
-29.356202186647806,13.458964607125678
-29.356358448922037,13.436561553836418
-29.356517452328035,13.41420647575917
-29.356665490212208,13.391967908911095
-29.356813527812164,13.369860931215964
-29.35696430711232,13.347901991317903
-29.357115086412477,13.326096572098278
-29.35726312429665,13.304443302836749
-29.35741390331259,13.282947666414687
-29.357561941196764,13.261606921391406
-29.357709979080937,13.240421067766906
-29.357855275549127,13.21939010554119
-29.357995088901134,13.198511293273569
-29.35813490239525,13.177786001684385
-29.358277457447457,13.15721011861261
-29.358417270657355,13.136786385498931
-29.35855708415147,13.116509319461974
-29.358696897645586,13.09638303266277
-29.358836711139702,13.076399300779256
-29.3589792660498,13.056564977413155
-29.359110855295967,13.036873208962744
-29.359242444400024,13.017328107589057
-29.359374033504082,12.997924190410718
-29.35950562260814,12.978662828148071
-29.359637211996414,12.959538537919745
-29.359768800958363,12.940558173327457
-29.35990039020453,12.921713510049143
-29.360031979308587,12.903011401686523
-29.360163568412645,12.884442253197195
-29.360289674684736,12.86601291818287
-29.360413039540845,12.847715172321493
-29.360536404396953,12.829555869214781
-29.36065976925306,12.811525413820327
-29.36078039240897,12.793632030460197
-29.360903757407186,12.775864753371637
-29.361027122405403,12.758231806876713
-29.361150487119403,12.740723595933021
-29.361273851833403,12.723346974142274
-29.361394475273528,12.706093717182418
-29.36150961559747,12.688969307934821
-29.36162475620563,12.671965522077425
-29.361737155397805,12.65509058393229
-29.361852295863855,12.638330786295985
-29.36196469505603,12.621701207092284
-29.36207983566419,12.605184026956724
-29.36219497598813,12.588794323813081
-29.3623073750382,12.572517019737582
-29.362422515646358,12.556364451213314
-29.362534914554317,12.540320169596157
-29.362647313746493,12.524400623530234
-29.36275148854861,12.508589364371423
-29.36285566320862,12.4929014700435
-29.362959838010738,12.477317750461658
-29.36306675408673,12.46185465427002
-29.36317092888885,12.446495732824465
-29.36327784510695,12.43125743476911
-29.363382019909068,12.416120570019153
-29.363486194569077,12.401101587218712
-29.36359311078718,12.386182667003323
-29.363697285447188,12.371380258017107
-29.36380420166529,12.356675170175258
-29.36390015207735,12.34208659356258
-29.363998843905392,12.327593967373929
-29.36409479445956,12.313215110973761
-29.36419074487162,12.298932204997618
-29.36428669528368,12.284760327369273
-29.364382645553633,12.270696736648041
-29.364481337381676,12.256686604020194
-29.364577287935845,12.242575038086951
-29.364673238347905,12.228198923127469
-29.364780154566006,12.213367729014047
-29.364884329368124,12.19800332468712
-29.364991245444116,12.182149573197666
-29.365106385910167,12.16600522899546
-29.365221526518326,12.149740261403048
-29.365336666984376,12.133471181649607
-29.365451807592535,12.117243223506463
-29.365564206500494,12.101102991465284
-29.365679347108653,12.085055968407442
-29.365789004742737,12.06912408585843
-29.365893179544855,12.0532963780555
-29.366000095620848,12.037587922922427
-29.366104270422966,12.021987754696468
-29.366208445082975,12.006509580581055
-29.3663126200272,11.991134210491381
-29.366419536103194,11.975878093071566
-29.366523710905312,11.96072889183852
-29.366630626981305,11.945694831114304
-29.366734801783423,11.930762203695483
-29.366838976443432,11.915944716785491
-29.366945892803642,11.90122592174021
-29.367044584631685,11.886623637924101
-29.367140535043745,11.872117304532015
-29.367236485313697,11.857724740928417
-29.367332435867866,11.843426757028498
-29.367428386279926,11.82924117219672
-29.36752707810797,11.81514879634828
-29.36762302852003,11.801168819567986
-29.367718979074198,11.787277939609996
-29.367814929486258,11.773499458720151
-29.367910879898318,11.759810074652615
-29.36800957172636,11.746230348212531
-29.368105521996313,11.732736977154072
-29.36819873099239,11.719351893002724
-29.368289198572484,11.706053164232998
-29.368376924736594,11.692861351650043
-29.368464650758597,11.67975315300802
-29.3685523767806,11.666750499832427
-29.36864010308682,11.653832831318109
-29.36872782925093,11.641017966829533
-29.36881555527293,11.62840596895175
-29.368897798462967,11.616335405609533
-29.36897730037913,11.605140732566616
-29.369045836205032,11.595187932154642
-29.369095182119054,11.588149283192312
-29.36910888919897,11.586318000813796
-29.36911163089917,11.58614803149124
-29.36910888919897,11.585898560388776
-29.36910888919897,11.585618933438763
-29.36910888919897,11.585255692547817
-29.369106148067203,11.584870520131377
-29.36910888919897,11.58443051890121
-29.369106148067203,11.583987776230355
-29.36910888919897,11.583506653389893
-29.369106148067203,11.583036496312175
-29.36910888919897,11.582540295547936
-29.369106148067203,11.582063284868504
-29.36910888919897,11.581565713383922
-29.369106148067203,11.581092814865517
-29.36910888919897,11.58048969791451
-29.36911163089917,11.57997978994684
-29.369114372173044,11.579356112190684
-29.36911985514712,11.578400720111473
-29.369136303785126,11.576995731759693
-29.369155493839116,11.574997221499308
-29.369158235397208,11.572414784372718
-29.36918016686718,11.569196333006886
-29.369199356921172,11.565288409308423
-29.36924596141921,11.560566277726098
-29.369281600253316,11.555087508514328
-29.36932546333537,11.54894942281748
-29.369374809107285,11.542135571991432
-29.369440603659314,11.534678853324424
-29.369511881185417,11.526444936222822
-29.36959138295947,11.517524288229277
-29.369670884591415,11.50782781252148
-29.3697640937296,11.497428157277623
-29.369854561167585,11.486255415760198
-29.36995599455372,11.474371270384655
-29.370057427797747,11.46171952161692
-29.370172568405906,11.448372132275011
-29.37028222603999,11.434415457740549
-29.370402849480115,11.42010924951857
-29.370515248388074,11.40562279157146
-29.370630388996233,11.391119199620062
-29.3707427880463,11.37662246127038
-29.370860669928334,11.362211392942148
-29.3709730689784,11.347864063109872
-29.371090951002543,11.33363598594746
-29.371200608636627,11.31948398376409
-29.37131849051866,11.305453975691266
-29.371430889710837,11.291616553826664
-29.371543288760904,11.27834455410363
-29.37164472200493,11.265947073959559
-29.37174067241699,11.254822307654146
-29.371820174333152,11.245093620018286
-29.371858554441133,11.239294787606378
-29.371864037415207,11.238529925654873
-29.371864037415207,11.238617651756838
-29.371864037415207,11.238732106905495
-29.371864037415207,11.238838337732094
-29.371861295857116,11.238923322393372
-29.371861295857116,11.238984319448644
-29.371861295857116,11.239054911546319
