0.03612569719552994
0.03612569719552994
0.03558298200368881
0.03581926226615906
0.036060694605112076
0.036431752145290375
0.03677316755056381
0.03648420423269272
0.03639436513185501
0.036548443138599396
0.03642236813902855
0.036086902022361755
0.03579900786280632
0.035757578909397125
0.035754796117544174
0.03576292097568512
0.03575880080461502
0.03576212003827095
0.035767801105976105
0.0357767678797245
0.03608324006199837
0.03640645742416382
0.03650537505745888
0.03652021288871765
0.03651685640215874
0.03651098161935806
0.03650495409965515
0.03650087118148804
0.03649038076400757
0.03648744523525238
0.0364772230386734
0.036475200206041336
0.03646508976817131
0.03646295517683029
0.03649614378809929
0.03667116165161133
0.03650442138314247
0.03656110540032387
0.0364888571202755
0.03658078983426094
0.03605714812874794
0.03615087270736694
0.036265887320041656
0.035825710743665695
0.03589315339922905
0.03577253222465515
0.03577245771884918
0.03577474504709244
0.03577401861548424
0.03577909246087074
0.0357806570827961
0.035783518105745316
0.035788096487522125
0.03579126298427582
0.035798244178295135
0.0360012985765934
0.036322154104709625
0.036523569375276566
0.036577433347702026
0.03703485429286957
0.037075482308864594
0.036657389253377914
0.036526888608932495
0.03651212528347969
0.036501217633485794
0.03649850934743881
0.0364883616566658
0.03648652881383896
0.0364798903465271
0.03650419041514397
0.03650613874197006
0.036641061305999756
0.03652898594737053
0.03648160770535469
0.03618612140417099
0.036313191056251526
0.03634923696517944
0.03624067083001137
0.036200616508722305
0.035665757954120636
0.03599851578474045
0.03577699512243271
0.03577592596411705
0.035758569836616516
0.035767994821071625
0.035776346921920776
0.035921115428209305
0.03632406145334244
0.036482181400060654
0.036491986364126205
0.03651273623108864
0.03649110719561577
0.03652200475335121
0.03649461641907692
0.03647531569004059
0.036520786583423615
0.036478441208601
0.03646428883075714
0.03643979877233505
0.036163270473480225
0.03634786605834961
0.03621789813041687
0.036397114396095276
0.03637056425213814
0.03630826994776726
0.03604867681860924
0.03620443120598793
0.0358307845890522
0.03583833575248718
0.03584485873579979
0.03586740419268608
0.0363163948059082
0.03647260740399361
0.0364980511367321
0.03654497116804123
0.03647622838616371
0.03645738586783409
0.036458224058151245
0.03643915057182312
0.03644067794084549
0.03642553091049194
0.036418359726667404
0.03634824603796005
0.03618486225605011
0.036216601729393005
0.03620866686105728
0.03620019927620888
0.036193523555994034
